0 0.000034
1 0.000044
2 0.000046
3 0.000039
4 0.000053
5 0.000047
6 0.000057
7 0.000044
8 0.000059
9 0.000054
10 0.000048
11 0.000069
12 0.000067
13 0.000079
14 0.000082
15 0.000088
16 0.000110
17 0.000105
18 0.000105
19 0.000108
20 0.000114
21 0.000141
22 0.000148
23 0.000160
24 0.000167
25 0.000198
26 0.000182
27 0.000208
28 0.000204
29 0.000230
30 0.000233
31 0.000246
32 0.000244
33 0.000273
34 0.000321
35 0.000340
36 0.000356
37 0.000337
38 0.000404
39 0.000408
40 0.000419
41 0.000452
42 0.000421
43 0.000481
44 0.000494
45 0.000481
46 0.000668
47 0.000547
48 0.000636
49 0.000652
50 0.000591
51 0.000805
52 0.000740
53 0.000724
54 0.000804
55 0.000899
56 0.000830
57 0.000874
58 0.000903
59 0.001027
60 0.000990
61 0.000962
62 0.001027
63 0.001223
64 0.001227
65 0.001141
66 0.001177
67 0.001273
68 0.001370
69 0.001227
70 0.001296
71 0.001416
72 0.001625
73 0.001608
74 0.001692
75 0.001816
76 0.001949
77 0.001749
78 0.001899
79 0.001749
80 0.001970
81 0.002052
82 0.002111
83 0.002151
84 0.002290
85 0.002356
86 0.002419
87 0.002327
88 0.002479
89 0.002629
90 0.002662
91 0.002817
92 0.002752
93 0.003026
94 0.003165
95 0.003106
96 0.003140
97 0.003245
98 0.003543
99 0.003466
100 0.003561
101 0.003566
102 0.003946
103 0.003828
104 0.003981
105 0.004043
106 0.004342
107 0.004409
108 0.004673
109 0.004501
110 0.004804
111 0.005021
112 0.005386
113 0.005172
114 0.005125
115 0.005384
116 0.005538
117 0.005731
118 0.005734
119 0.005908
120 0.005860
121 0.006282
122 0.006282
123 0.006156
124 0.006429
125 0.006346
126 0.006900
127 0.006999
128 0.007246
129 0.007193
130 0.007324
131 0.007357
132 0.007676
133 0.007754
134 0.008050
135 0.008300
136 0.008371
137 0.008698
138 0.008856
139 0.009122
140 0.009199
141 0.009470
142 0.009889
143 0.009669
144 0.009797
145 0.010171
146 0.010095
147 0.010641
148 0.010698
149 0.010979
150 0.011289
