0 0.000049
1 0.000040
2 0.000044
3 0.000039
4 0.000046
5 0.000032
6 0.000046
7 0.000049
8 0.000055
9 0.000042
10 0.000047
11 0.000051
12 0.000047
13 0.000059
14 0.000050
15 0.000051
16 0.000046
17 0.000048
18 0.000048
19 0.000059
20 0.000045
21 0.000063
22 0.000046
23 0.000051
24 0.000055
25 0.000045
26 0.000045
27 0.000046
28 0.000047
29 0.000053
30 0.000048
31 0.000061
32 0.000069
33 0.000047
34 0.000060
35 0.000062
36 0.000064
37 0.000061
38 0.000050
39 0.000055
40 0.000086
41 0.000064
42 0.000078
43 0.000056
44 0.000063
45 0.000063
46 0.000063
47 0.000071
48 0.000063
49 0.000059
50 0.000064
51 0.000075
52 0.000064
53 0.000072
54 0.000070
55 0.000067
56 0.000071
57 0.000059
58 0.000072
59 0.000086
60 0.000071
61 0.000068
62 0.000069
63 0.000072
64 0.000076
65 0.000074
66 0.000078
67 0.000079
68 0.000079
69 0.000086
70 0.000083
71 0.000081
72 0.000081
73 0.000078
74 0.000095
75 0.000090
76 0.000084
77 0.000085
78 0.000086
79 0.000082
80 0.000085
81 0.000086
82 0.000089
83 0.000096
84 0.000095
85 0.000101
86 0.000094
87 0.000091
88 0.000096
89 0.000096
90 0.000103
91 0.000101
92 0.000102
93 0.000100
94 0.000100
95 0.000104
96 0.000110
97 0.000106
98 0.000107
99 0.000103
100 0.000105
101 0.000113
102 0.000107
103 0.000107
104 0.000108
105 0.000107
106 0.000117
107 0.000111
108 0.000116
109 0.000113
110 0.000114
111 0.000128
112 0.000119
113 0.000124
114 0.000120
115 0.000128
116 0.000121
117 0.000136
118 0.000135
119 0.000134
120 0.000118
121 0.000126
122 0.000126
123 0.000130
124 0.000146
125 0.000132
126 0.000134
127 0.000126
128 0.000136
129 0.000156
130 0.000133
131 0.000137
132 0.000135
133 0.000152
134 0.000147
135 0.000179
136 0.000148
137 0.000150
138 0.000148
139 0.000153
140 0.000150
141 0.000173
142 0.000157
143 0.000156
144 0.000165
145 0.000159
146 0.000164
147 0.000177
148 0.000163
149 0.000163
150 0.000164
