0 0.000062
1 0.000053
2 0.000050
3 0.000045
4 0.000039
5 0.000046
6 0.000052
7 0.000045
8 0.000053
9 0.000065
10 0.000057
11 0.000061
12 0.000079
13 0.000098
14 0.000104
15 0.000114
16 0.000114
17 0.000135
18 0.000136
19 0.000162
20 0.000169
21 0.000216
22 0.000202
23 0.000222
24 0.000256
25 0.000276
26 0.000314
27 0.000333
28 0.000339
29 0.000376
30 0.000378
31 0.000445
32 0.000417
33 0.000476
34 0.000477
35 0.000486
36 0.000585
37 0.000588
38 0.000622
39 0.000748
40 0.000703
41 0.000704
42 0.000797
43 0.000805
44 0.000845
45 0.000887
46 0.000889
47 0.000989
48 0.000995
49 0.001157
50 0.001155
51 0.001241
52 0.001282
53 0.001383
54 0.001301
55 0.001381
56 0.001430
57 0.001599
58 0.001574
59 0.001708
60 0.001858
61 0.001845
62 0.001973
63 0.002005
64 0.002169
65 0.002575
66 0.002469
67 0.002368
68 0.002509
69 0.002747
70 0.002751
71 0.002788
72 0.002794
73 0.002918
74 0.002973
75 0.003113
76 0.003249
77 0.003190
78 0.003264
79 0.003507
80 0.003563
81 0.003849
82 0.004017
83 0.004015
84 0.004188
85 0.004271
86 0.004328
87 0.004492
88 0.004630
89 0.004715
90 0.005026
91 0.005137
92 0.005267
93 0.005442
94 0.005486
95 0.005638
96 0.005941
97 0.006254
98 0.006305
99 0.006572
100 0.006451
101 0.007167
102 0.006957
103 0.007339
104 0.007493
105 0.007821
106 0.007699
107 0.007939
108 0.008078
109 0.008446
110 0.008938
111 0.009197
112 0.009358
113 0.009355
114 0.009388
115 0.009829
116 0.009732
117 0.010081
118 0.010464
119 0.010408
120 0.010536
121 0.010927
122 0.011116
123 0.011651
124 0.011721
125 0.012072
126 0.012283
127 0.012819
128 0.013381
129 0.013731
130 0.013369
131 0.013889
132 0.014174
133 0.014733
134 0.014557
135 0.014880
136 0.014989
137 0.015820
138 0.016345
139 0.016336
140 0.016935
141 0.017274
142 0.017613
143 0.018012
144 0.018383
145 0.018650
146 0.019074
147 0.019845
148 0.020395
149 0.020895
150 0.021033
