0 0.000046 0.000005
1 0.000044 0.000004
2 0.000040 0.000005
3 0.000051 0.000007
4 0.000047 0.000003
5 0.000058 0.000007
6 0.000054 0.000005
7 0.000061 0.000002
8 0.000052 0.000005
9 0.000068 0.000012
10 0.000075 0.000005
11 0.000078 0.000002
12 0.000082 0.000007
13 0.000085 0.000006
14 0.000101 0.000008
15 0.000112 0.000008
16 0.000102 0.000008
17 0.000124 0.000007
18 0.000122 0.000007
19 0.000144 0.000012
20 0.000160 0.000008
21 0.000162 0.000015
22 0.000180 0.000011
23 0.000184 0.000020
24 0.000194 0.000020
25 0.000241 0.000024
26 0.000240 0.000018
27 0.000256 0.000021
28 0.000244 0.000018
29 0.000309 0.000026
30 0.000317 0.000015
