0 0.000037 0.000003
1 0.000055 0.000017
2 0.000041 0.000023
3 0.000046 0.000012
4 0.000051 0.000010
5 0.000054 0.000017
6 0.000056 0.000015
7 0.000049 0.000025
8 0.000054 0.000023
9 0.000046 0.000016
10 0.000067 0.000036
11 0.000057 0.000015
12 0.000069 0.000033
13 0.000055 0.000016
14 0.000065 0.000023
15 0.000054 0.000017
16 0.000054 0.000011
17 0.000055 0.000023
18 0.000051 0.000010
19 0.000071 0.000036
20 0.000083 0.000040
21 0.000071 0.000027
22 0.000059 0.000009
23 0.000066 0.000018
24 0.000060 0.000004
25 0.000060 0.000011
26 0.000055 0.000012
27 0.000065 0.000028
28 0.000068 0.000013
29 0.000063 0.000023
30 0.000065 0.000024
31 0.000060 0.000031
32 0.000046 0.000019
33 0.000059 0.000024
34 0.000072 0.000032
35 0.000076 0.000033
36 0.000075 0.000035
37 0.000070 0.000041
38 0.000082 0.000022
39 0.000064 0.000013
40 0.000078 0.000027
41 0.000055 0.000003
42 0.000062 0.000015
43 0.000064 0.000027
44 0.000055 0.000017
45 0.000075 0.000033
46 0.000065 0.000022
47 0.000096 0.000036
48 0.000081 0.000012
49 0.000081 0.000021
50 0.000072 0.000019
51 0.000081 0.000024
52 0.000094 0.000048
53 0.000081 0.000022
54 0.000096 0.000033
55 0.000099 0.000045
56 0.000081 0.000010
57 0.000075 0.000011
58 0.000094 0.000037
59 0.000100 0.000020
60 0.000108 0.000040
61 0.000099 0.000020
62 0.000098 0.000019
63 0.000103 0.000020
64 0.000102 0.000020
65 0.000101 0.000018
66 0.000102 0.000025
67 0.000107 0.000022
68 0.000108 0.000027
69 0.000108 0.000019
70 0.000119 0.000037
71 0.000110 0.000029
72 0.000095 0.000022
73 0.000103 0.000026
74 0.000114 0.000026
75 0.000117 0.000023
76 0.000117 0.000022
77 0.000117 0.000036
78 0.000123 0.000025
79 0.000109 0.000031
80 0.000117 0.000015
81 0.000124 0.000021
82 0.000138 0.000033
83 0.000112 0.000012
84 0.000103 0.000022
85 0.000107 0.000007
86 0.000124 0.000018
87 0.000135 0.000027
88 0.000114 0.000009
89 0.000128 0.000014
90 0.000119 0.000022
91 0.000098 0.000032
92 0.000102 0.000028
93 0.000148 0.000043
94 0.000138 0.000030
95 0.000150 0.000033
96 0.000142 0.000021
97 0.000131 0.000016
98 0.000142 0.000031
99 0.000140 0.000015
100 0.000151 0.000027
101 0.000158 0.000052
102 0.000167 0.000038
103 0.000152 0.000032
104 0.000164 0.000041
105 0.000145 0.000016
106 0.000133 0.000013
107 0.000157 0.000035
108 0.000170 0.000051
109 0.000165 0.000049
110 0.000169 0.000059
111 0.000144 0.000026
112 0.000151 0.000063
113 0.000159 0.000041
114 0.000169 0.000039
115 0.000171 0.000022
116 0.000163 0.000022
117 0.000195 0.000054
118 0.000178 0.000061
119 0.000197 0.000050
120 0.000158 0.000039
121 0.000164 0.000020
122 0.000169 0.000006
123 0.000180 0.000019
124 0.000179 0.000020
125 0.000208 0.000052
126 0.000187 0.000033
127 0.000193 0.000031
128 0.000215 0.000055
129 0.000218 0.000048
130 0.000197 0.000036
131 0.000198 0.000099
132 0.000179 0.000051
133 0.000192 0.000022
134 0.000202 0.000058
135 0.000207 0.000027
136 0.000189 0.000012
137 0.000233 0.000048
138 0.000208 0.000037
139 0.000253 0.000066
140 0.000165 0.000023
141 0.000181 0.000051
142 0.000165 0.000023
143 0.000160 0.000036
144 0.000189 0.000049
145 0.000163 0.000024
146 0.000189 0.000051
147 0.000203 0.000039
148 0.000221 0.000031
149 0.000231 0.000054
150 0.000243 0.000042
151 0.000201 0.000040
152 0.000264 0.000055
153 0.000241 0.000036
154 0.000266 0.000071
155 0.000243 0.000029
156 0.000225 0.000016
157 0.000273 0.000055
158 0.000252 0.000037
159 0.000248 0.000037
160 0.000211 0.000017
161 0.000252 0.000039
162 0.000233 0.000011
163 0.000241 0.000010
164 0.000254 0.000028
165 0.000255 0.000020
166 0.000235 0.000009
167 0.000248 0.000024
168 0.000265 0.000036
169 0.000273 0.000040
170 0.000250 0.000019
171 0.000290 0.000054
172 0.000273 0.000049
173 0.000241 0.000039
174 0.000237 0.000061
175 0.000275 0.000044
176 0.000287 0.000054
177 0.000296 0.000069
178 0.000270 0.000022
179 0.000328 0.000068
180 0.000326 0.000077
181 0.000331 0.000066
182 0.000320 0.000074
183 0.000302 0.000051
184 0.000322 0.000057
185 0.000286 0.000032
186 0.000322 0.000054
187 0.000288 0.000028
188 0.000327 0.000059
189 0.000297 0.000016
190 0.000334 0.000055
191 0.000312 0.000030
192 0.000335 0.000063
193 0.000330 0.000044
194 0.000293 0.000050
195 0.000254 0.000049
196 0.000315 0.000074
197 0.000337 0.000040
198 0.000346 0.000065
199 0.000360 0.000095
200 0.000333 0.000045
201 0.000346 0.000042
202 0.000321 0.000026
203 0.000345 0.000043
204 0.000304 0.000054
205 0.000301 0.000069
206 0.000282 0.000054
207 0.000288 0.000036
208 0.000349 0.000080
209 0.000359 0.000044
210 0.000368 0.000069
211 0.000357 0.000026
212 0.000344 0.000018
213 0.000406 0.000085
214 0.000371 0.000065
215 0.000349 0.000038
216 0.000328 0.000021
217 0.000382 0.000036
218 0.000328 0.000054
219 0.000294 0.000036
220 0.000373 0.000075
221 0.000352 0.000057
222 0.000406 0.000073
223 0.000411 0.000122
224 0.000365 0.000008
225 0.000406 0.000041
226 0.000446 0.000075
227 0.000400 0.000052
228 0.000362 0.000019
229 0.000412 0.000032
230 0.000395 0.000018
231 0.000433 0.000067
232 0.000430 0.000058
233 0.000448 0.000087
234 0.000424 0.000042
235 0.000432 0.000040
236 0.000434 0.000072
237 0.000417 0.000061
238 0.000403 0.000096
239 0.000355 0.000056
240 0.000395 0.000051
241 0.000441 0.000051
242 0.000419 0.000028
243 0.000410 0.000078
244 0.000364 0.000030
245 0.000451 0.000034
246 0.000502 0.000096
247 0.000446 0.000025
248 0.000462 0.000048
249 0.000485 0.000087
250 0.000435 0.000047
