5 0.000054 0.000006
6 0.000088 0.000038
7 0.000064 0.000003
8 0.000073 0.000021
9 0.000068 0.000011
10 0.000082 0.000009
11 0.000086 0.000007
12 0.000105 0.000006
13 0.000121 0.000026
14 0.000115 0.000005
15 0.000132 0.000019
16 0.000141 0.000010
17 0.000189 0.000032
18 0.000186 0.000025
19 0.000155 0.000010
20 0.000228 0.000015
21 0.000257 0.000053
22 0.000221 0.000036
23 0.000320 0.000068
24 0.000353 0.000006
25 0.000352 0.000033
26 0.000410 0.000006
27 0.000451 0.000037
28 0.000383 0.000026
29 0.000380 0.000027
30 0.000453 0.000029
31 0.000469 0.000046
32 0.000483 0.000041
33 0.000527 0.000018
34 0.000609 0.000053
35 0.000759 0.000032
36 0.000810 0.000047
37 0.000916 0.000028
38 0.000955 0.000073
39 0.000939 0.000054
40 0.000997 0.000040
41 0.000988 0.000052
42 0.001106 0.000051
43 0.001110 0.000121
44 0.001051 0.000043
45 0.001038 0.000042
46 0.001106 0.000053
47 0.001236 0.000108
48 0.001393 0.000127
49 0.001362 0.000093
50 0.001489 0.000055
