5  0.000010  0.000014
6  -0.000000  0.000008
7  -0.000000  0.000006
8  0.000008  0.000016
9  -0.000001  0.000001
10  0.000001  0.000010
11  -0.000000  0.000002
12  -0.000005  0.000007
13  0.000000  0.000004
14  0.000012  0.000017
15  -0.000001  0.000003
16  -0.000001  0.000011
17  -0.000006  0.000009
18  0.000003  0.000019
19  -0.000001  0.000005
20  0.000011  0.000010
21  -0.000004  0.000008
22  0.000004  0.000018
23  0.000005  0.000010
24  -0.000006  0.000010
25  -0.000013  0.000017
26  0.000008  0.000013
27  0.000006  0.000014
28  0.000001  0.000006
29  -0.000009  0.000017
30  0.000002  0.000003
31  -0.000010  0.000011
32  -0.000001  0.000006
33  -0.000002  0.000021
34  -0.000003  0.000006
35  -0.000008  0.000029
36  -0.000001  0.000018
37  0.000005  0.000021
38  -0.000003  0.000012
39  -0.000005  0.000009
40  -0.000001  0.000009
41  -0.000008  0.000010
42  -0.000007  0.000029
43  0.000001  0.000008
44  -0.000006  0.000019
45  0.000008  0.000019
46  0.000035  0.000030
47  -0.000016  0.000023
48  0.000000  0.000043
49  -0.000002  0.000037
50  -0.000013  0.000009
